../../../../.git/annex/objects/6P/2K/SHA256E-s131--2b57837a99626f0762e2af3c0a77dfe1629b7ece25a64a01259d890a272aa7cd.csv/SHA256E-s131--2b57837a99626f0762e2af3c0a77dfe1629b7ece25a64a01259d890a272aa7cd.csv